0.074895 132
3.208983 1
0.084198 1
0.148612 2
0.001795 211
0.000022 182
0.000065 206
0.001442 132
4.127127 1
0.065990 1
0.271766 1
0.310329 1
0.936145 1
0.216980 1
0.092656 1
1.846704 4
0.499554 4
0.030695 4
0.031521 4
0.030792 4
0.031832 4
0.030758 4
0.028837 1
0.030641 1
0.032138 1
0.031042 1
0.031037 1
1.372158 1
0.105517 1
0.183215 1
0.428022 1
0.179907 1
0.552306 1
0.271353 1
0.527165 2
0.001995 201
0.001709 132
2.165989 1
0.138512 1
0.263919 1
0.880076 1
0.147411 1
0.545705 1
0.272941 1
0.000024 4
0.979524 4
0.156905 4
0.145283 4
0.152747 4
1.263876 2
0.001474 178
0.000596 132
1.765932 1
0.169106 1
0.674163 1
1.084717 1
0.096401 1
0.147940 1
0.116537 1
0.679438 1
0.257051 1
0.527813 2
0.002775 9
0.001627 132
1.702470 1
0.125081 1
0.844602 1
0.311861 1
0.121810 1
0.149359 1
0.113170 1
0.417952 1
0.469129 1
0.902213 2
0.001805 94
0.001476 132
1.313432 1
0.121881 1
0.312990 1
0.338986 1
0.110039 1
0.163710 1
0.100584 1
0.363385 1
0.581810 1
0.122908 1
0.531609 2
0.001648 85
0.001575 132
0.534765 1
0.379482 1
0.215426 1
2.765918 1
0.053841 1
2.043742 1
0.673854 1
2.089879 1
0.101331 1
0.211203 1
0.131106 1
0.195504 1
0.194035 1
0.614363 2
0.002953 44
0.001345 132
2.044413 1
0.090188 1
0.464428 1
1.692577 1
0.358233 1
2.116653 1
0.765411 1
0.575247 1
0.125048 1
0.212284 1
0.139793 1
0.297793 1
0.191635 1
0.661361 2
0.002062 132
0.838888 1
0.081440 1
0.156030 1
0.499909 1
0.095302 1
0.467017 1
0.355326 1
0.747896 1
0.151676 1
0.173215 1
1.088494 1
0.234981 1
0.318819 1
0.760572 1
0.151600 1
0.412738 2
0.001234 44
0.000572 132
11.278302 1
0.205612 1
0.107700 1
0.122993 1
0.150747 1
0.128455 1
0.212860 1
4.385219 1
0.094607 1
0.210138 1
0.000070 5
0.766543 1
0.614925 1
0.316855 1
0.287975 1
0.427841 1
0.982066 1
1.119675 1
0.075378 1
0.867353 1
0.216822 1
0.416135 1
0.068066 1
1.191792 1
0.129238 1
0.367167 1
0.058044 1
1.819031 1
6.293877 2
0.048220 5
9.164085 1
0.195462 1
0.133102 1
2.216935 1
5.005540 1
0.095277 1
0.158408 1
0.090788 1
0.681895 1
0.095611 1
0.460289 1
2.373625 1
0.059554 1
0.434612 1
0.545927 1
4.324710 1
0.039395 1
0.190826 1
0.180243 1
1.505336 1
0.921646 1
0.676014 7
0.626940 1
0.399539 1
0.303765 1
0.228380 1
1.114698 3
0.498302 3
0.031065 3
0.030352 3
0.029614 3
0.030014 3
0.031954 3
0.029947 3
0.031830 3
0.029929 3
0.585194 1
1.543388 1
0.188580 1
0.157147 1
0.333731 1
0.396162 1
0.298410 1
0.291695 1
1.775060 2
0.015019 11
0.000949 5
5.986860 1
0.172777 1
0.105651 1
0.142702 1
2.141830 1
0.102122 1
0.183132 1
0.084848 1
0.322198 1
0.627469 1
0.159858 1
0.348641 1
0.058517 1
1.573375 1
0.413435 1
2.549376 1
0.366987 1
0.371351 1
0.240894 1
0.232942 1
0.634064 2
0.000078 56
0.000010 5
4.339006 1
0.207531 1
0.134125 1
0.337005 1
0.505572 1
0.106700 1
0.144589 1
0.041425 1
0.261711 1
0.299655 1
0.364551 1
0.060878 1
1.482457 1
1.945467 1
3.063728 1
0.124126 1
0.306825 1
0.128872 1
0.210384 1
0.656368 1
0.216098 1
0.274211 1
0.233118 1
5.157863 2
0.002351 11
0.000046 5
7.739119 1
0.817963 3
4.535800 1
0.308942 1
0.358377 1
0.132496 1
0.417299 2
0.035776 132
3.974320 1
0.094354 1
0.295624 1
3.163415 1
0.063941 1
0.571860 1
0.235859 1
2.143381 2
0.002945 225
0.001574 132
2.295460 7
0.721410 1
0.105644 1
0.157928 1
0.113776 1
0.288041 1
0.442052 1
1.581640 2
0.001489 22
0.000807 132
1.969749 1
0.090435 1
0.207917 1
0.362062 16
0.924089 1
0.501184 1
0.030748 1
0.030456 1
0.031079 1
0.031360 1
0.028940 1
0.029921 1
0.032392 1
0.030995 1
0.203593 1
0.385142 27
0.158278 27
0.264689 23
0.084948 23
0.367116 23
0.466851 3
0.499023 3
0.030539 3
0.031548 3
0.028291 3
0.029353 3
0.030824 3
0.030687 3
0.031612 3
0.032591 3
0.030689 3
0.029975 1
0.030224 1
0.449367 1
0.190411 1
0.310393 1
0.255622 1
0.000059 4
0.770824 2
0.001314 61
0.000787 132
1.134314 21
1.376363 1
0.190036 4
0.404058 2
0.002124 88
0.001490 132
5.573477 139
0.705347 26
0.939883 8
0.530476 38
2.770301 1
0.498049 1
0.030467 1
0.030165 1
0.032793 1
0.029193 1
0.032078 1
0.030072 1
2.768507 3
0.501530 3
0.031117 3
0.031341 3
0.029949 3
0.029629 3
0.030709 3
0.030597 3
0.031076 1
0.030620 1
0.166465 4
0.499328 4
0.030061 4
0.030287 4
0.030835 4
0.029199 4
0.030981 4
0.029792 4
0.031287 4
0.148810 4
0.627104 1
0.086370 1
0.143292 1
0.095840 1
0.358977 1
0.586870 1
0.241166 1
1.707884 1
0.166290 1
1.804126 2
0.002843 107
0.001370 132
3.380179 1
0.043673 1
0.245073 1
0.300569 1
0.263014 1
0.228093 1
0.172213 1
0.213884 1
0.649516 1
0.198021 1
1.066278 4
0.501064 4
0.031241 4
0.031384 4
0.032353 4
0.028991 4
0.029479 4
0.029958 4
0.030602 1
0.032315 1
0.029510 1
0.160388 1
0.054923 1
0.198719 1
0.143131 1
0.171917 1
0.064354 1
0.195452 1
0.110512 1
0.344076 1
0.216780 1
0.439084 1
0.611001 1
0.239969 1
0.149913 1
0.111764 1
0.000050 4
0.795875 2
0.001363 250
0.001940 132
0.893276 1
0.048529 1
0.197286 1
0.191905 1
1.778805 14
1.335434 1
0.251160 1
0.419624 3
0.546902 2
0.001095 320
0.000811 132
4.599344 1
0.295820 1
0.133075 1
0.112153 1
4.582975 4
0.499888 4
0.030167 4
0.030420 4
0.029742 1
0.031439 1
0.030418 1
0.030895 1
0.031189 1
0.034520 1
0.026974 1
1.928945 23
0.152276 8
0.133750 32
0.167818 36
0.213356 8
0.339832 38
0.285878 9
0.300635 38
1.148936 2
0.047038 5
1.905992 1
0.105584 1
0.099872 1
0.154568 1
0.244757 1
1.327811 3
0.500268 3
0.030445 3
0.030093 3
0.031143 3
0.483729 1
0.087042 1
0.119122 1
0.200683 1
0.494311 1
0.219993 1
0.465833 1
0.321190 3
0.138276 3
0.114135 1
0.179964 1
0.056728 1
0.486604 1
0.589518 3
1.759802 1
0.233747 1
2.565510 1
0.053863 1
0.979635 1
0.836328 1
0.636616 1
0.122724 1
0.181050 1
0.128776 1
0.243353 1
0.223220 1
0.211972 1
2.043793 2
0.015374 11
0.000620 43
0.000055 5
6.892996 1
0.169900 1
0.104911 1
0.171010 1
0.214327 1
0.074649 1
0.162424 1
0.110843 1
0.226692 1
0.188992 1
0.272221 1
0.102511 1
0.502718 1
2.034492 3
1.642982 1
0.169811 1
1.089366 1
0.436799 1
0.690163 1
0.225962 1
0.201064 1
0.231034 1
0.209492 1
0.389063 2
0.002391 11
0.000082 48
3.509079 1
0.246433 1
0.226940 1
0.128691 1
5.444284 2
0.037349 132
2.277277 1
0.535132 1
0.164656 1
0.110381 1
0.266780 2
0.000109 6
